100
318.36609 2.69870 1138.81432
493.89540 1.38529 1954.50303
498.87118 1.43897 1996.51489
233.9940 1.68 1883.214
495.04439 1.47138 1924.70203
498.70934 1.26359 1949.73039
490.76856 1.22251 1982.44527
1.02108 3.16866 1999.72478
491.77154 1.45952 1967.62448
85.89188 3.0 1321.40
110.0 3.7736 212.6279
341.00000 2.00000 388.00000
22.19971 3.00788 624.67010
497.79434 1.03574 1985.33490
297.00000 2.00000 594.00000
496.27074 1.47301 1928.92051
333.73354 3.45327 833.29727
496.07331 3.8161 1973.5434
498.43087 1.28148 1947.21625
497.74100 1.36089 1945.65145
1.09643 3.37079 1999.48649
137.0 3.0 201.829
310.0 2.0 196.0
491.16299 1.12699 1983.36877
2.24063 3.81556 3.47517
275.00000 4.00000 279.00000
486.6670 2.0 1593.0
496.82417 1.24319 1908.02316
500.00 3.95 1278.316
210.0 3.0 58.0
490.14035 1.34576 1957.54288
123.0 3.0 738.0
14.81547 1.5980 2000.00
126.69086 2.14405 713.91239
490.93155 1.37653 1941.17803
497.71865 1.29747 1990.76584
494.03564 1.38275 1997.24322
496.08738 1.43273 1956.57311
1.05239 3.08744 1999.23580
498.84195 1.04848 1975.57308
466.00000 2.00000 932.00000
497.63165 1.38721 1937.08562
82.0 4.0 311.0
80.47539 1.00731 1595.52884
492.95295 1.21162 1965.65191
490.34869 1.11901 1920.45406
41.606 1.9 1665.7
491.85269 1.26777 1999.93288
442.00000 3.00000 487.00000
57.78219 2.15484 1215.07093
12.0 4.0 308.0
406.58081 2.04334 143.62654
470.60060 1.79289 1300.53207
498.84034 1.15594 1928.02292
492.65044 1.30087 1926.55679
494.53857 1.33280 1993.25441
498.39928 1.33754 1948.63734
495.57826 1.02554 1928.09843
490.17928 1.42348 1992.94795
494.07101 1.24930 1948.93600
406.0 1.0 1173.0
486.0 1.0 1249.0
145.36022 1.88208 1239.09977
68.0 2.0 652.0
1.06442 3.29504 1999.66983
251.0 2.6 1989.0
394.0 3.0 1929.0
467.00000 2.00000 489.00000
497.99105 1.27548 1900.83793
38.0 4.0 1554.0
467.49144 1.78465 1516.70186
497.73166 1.06764 1934.51488
394.5841 4.0 193.091
400.3128 1.000 333.0
19.317 3.0 1568.94
239.66507 2.32287 54.70827
405.42874 1.10467 1829.10038
386.2 1.11605 1476.0
33.27848 2.36429 1779.91048
402.90416 2.11983 1260.37891
498.04808 1.38963 1913.23596
58.0 3.0 800.0
1.000 1.93 773.3471
469.8723 3.07465 412.64068
171.70638 2.45147 1446.65002
495.95836 1.12481 1962.25910
85.79454 3.82126 431.22379
182.0 4.0 303.0
403.00000 2.00000 806.00000
318.66570 3.09595 438.32212
204.8011 2.1028 1105.1
216.0 4.0 1960.0
494.19574 1.48888 1931.73141
428.92 3.0 1.0000
91.40542 3.61517 1469.55312
457.00000 2.00000 914.00000
330.36826 3.40959 318.10961
493.01652 1.27794 1939.31506
490.5 1.4 328.6793
151.21733 1.89031 1463.57546
